[ addPolynomial() ]
p1: [    0.0000000000e+00,     0.0000000000e+00,     1.0000000000e+00,     0.0000000000e+00,     0.0000000000e+00,     0.0000000000e+00 ] 
p2: [   -0.0000000000e+00,    -1.2893593797e+00,    -0.0000000000e+00,    -0.0000000000e+00,    -0.0000000000e+00,    -0.0000000000e+00 ] 
ps: [    0.0000000000e+00,    -1.2893593797e+00,     1.0000000000e+00,     0.0000000000e+00,     0.0000000000e+00,     0.0000000000e+00 ] 
[ addPolynomial() ]
p1: [    4.8400000000e+00,     0.0000000000e+00,     0.0000000000e+00,     0.0000000000e+00,     0.0000000000e+00,     0.0000000000e+00 ] 
p2: [   -0.0000000000e+00,    -4.0852763136e+00,    -0.0000000000e+00,    -0.0000000000e+00,    -0.0000000000e+00,    -0.0000000000e+00 ] 
ps: [    4.8400000000e+00,    -4.0852763136e+00,     0.0000000000e+00,     0.0000000000e+00,     0.0000000000e+00,     0.0000000000e+00 ] 
[ addPolynomial() ]
p1: [    4.8400000000e+00,     0.0000000000e+00,     0.0000000000e+00,     0.0000000000e+00,     0.0000000000e+00,     0.0000000000e+00 ] 
p2: [   -0.0000000000e+00,    -4.0852763136e+00,    -0.0000000000e+00,    -0.0000000000e+00,    -0.0000000000e+00,    -0.0000000000e+00 ] 
ps: [    4.8400000000e+00,    -4.0852763136e+00,     0.0000000000e+00,     0.0000000000e+00,     0.0000000000e+00,     0.0000000000e+00 ] 
[ addPolynomial() ]
p1: [   -0.0000000000e+00,     1.0000000000e+00,    -7.7557895473e-01,    -0.0000000000e+00,    -0.0000000000e+00,    -0.0000000000e+00 ] 
p2: [   -0.0000000000e+00,    -1.7638059552e-16,    -0.0000000000e+00,    -0.0000000000e+00,    -0.0000000000e+00,    -0.0000000000e+00 ] 
ps: [   -0.0000000000e+00,     1.0000000000e+00,    -7.7557895473e-01,    -0.0000000000e+00,    -0.0000000000e+00,    -0.0000000000e+00 ] 
[ addPolynomial() ]
p1: [   -0.0000000000e+00,     1.0000000000e+00,    -7.7557895473e-01,    -0.0000000000e+00,    -0.0000000000e+00,    -0.0000000000e+00 ] 
p2: [    0.0000000000e+00,     1.7638059552e-16,     0.0000000000e+00,     0.0000000000e+00,     0.0000000000e+00,     0.0000000000e+00 ] 
ps: [    0.0000000000e+00,     1.0000000000e+00,    -7.7557895473e-01,     0.0000000000e+00,     0.0000000000e+00,     0.0000000000e+00 ] 
[ addPolynomial() ]
p1: [    0.0000000000e+00,     3.1773903371e+00,     0.0000000000e+00,     0.0000000000e+00,     0.0000000000e+00,     0.0000000000e+00 ] 
p2: [   -0.0000000000e+00,    -4.1773903371e+00,     3.2398960311e+00,    -0.0000000000e+00,    -0.0000000000e+00,    -0.0000000000e+00 ] 
ps: [    0.0000000000e+00,    -1.0000000000e+00,     3.2398960311e+00,     0.0000000000e+00,     0.0000000000e+00,     0.0000000000e+00 ] 
[ addPolynomial() ]
p1: [    0.0000000000e+00,    -1.0000000000e+00,     3.2398960311e+00,     0.0000000000e+00,     0.0000000000e+00,     0.0000000000e+00 ] 
p2: [    0.0000000000e+00,     8.8817841970e-16,    -6.8885249036e-16,     0.0000000000e+00,     0.0000000000e+00,     0.0000000000e+00 ] 
ps: [    0.0000000000e+00,    -1.0000000000e+00,     3.2398960311e+00,     0.0000000000e+00,     0.0000000000e+00,     0.0000000000e+00 ] 
[ addPolynomial() ]
p1: [    4.8400000000e+00,     0.0000000000e+00,     0.0000000000e+00,     0.0000000000e+00,     0.0000000000e+00,     0.0000000000e+00 ] 
p2: [   -0.0000000000e+00,     1.2857332214e+00,    -4.1656419609e+00,    -0.0000000000e+00,    -0.0000000000e+00,    -0.0000000000e+00 ] 
ps: [    4.8400000000e+00,     1.2857332214e+00,    -4.1656419609e+00,     0.0000000000e+00,     0.0000000000e+00,     0.0000000000e+00 ] 
[ addPolynomial() ]
p1: [    4.8400000000e+00,     1.2857332214e+00,    -4.1656419609e+00,     0.0000000000e+00,     0.0000000000e+00,     0.0000000000e+00 ] 
p2: [   -0.0000000000e+00,    -4.0562858486e+00,     3.1459699385e+00,    -0.0000000000e+00,    -0.0000000000e+00,    -0.0000000000e+00 ] 
ps: [    4.8400000000e+00,    -2.7705526272e+00,    -1.0196720224e+00,     0.0000000000e+00,     0.0000000000e+00,     0.0000000000e+00 ] 
[ addPolynomial() ]
p1: [    0.0000000000e+00,     0.0000000000e+00,     0.0000000000e+00,     2.0000000000e+00,     0.0000000000e+00,     0.0000000000e+00 ] 
p2: [   -0.0000000000e+00,     9.9050998777e-02,    -3.2091493782e-01,    -0.0000000000e+00,    -0.0000000000e+00,    -0.0000000000e+00 ] 
ps: [    0.0000000000e+00,     9.9050998777e-02,    -3.2091493782e-01,     2.0000000000e+00,     0.0000000000e+00,     0.0000000000e+00 ] 
[ addPolynomial() ]
p1: [    0.0000000000e+00,     9.9050998777e-02,    -3.2091493782e-01,     2.0000000000e+00,     0.0000000000e+00,     0.0000000000e+00 ] 
p2: [    0.0000000000e+00,    -1.3877787808e-17,     4.4962589639e-17,     0.0000000000e+00,     0.0000000000e+00,     0.0000000000e+00 ] 
ps: [    0.0000000000e+00,     9.9050998777e-02,    -3.2091493782e-01,     2.0000000000e+00,     0.0000000000e+00,     0.0000000000e+00 ] 
[ addPolynomial() ]
p1: [    0.0000000000e+00,     9.9050998777e-02,    -3.2091493782e-01,     2.0000000000e+00,     0.0000000000e+00,     0.0000000000e+00 ] 
p2: [   -0.0000000000e+00,    -1.7284983716e+00,     1.3405869603e+00,    -0.0000000000e+00,    -0.0000000000e+00,    -0.0000000000e+00 ] 
ps: [    0.0000000000e+00,    -1.6294473728e+00,     1.0196720224e+00,     2.0000000000e+00,     0.0000000000e+00,     0.0000000000e+00 ] 
[ addPolynomial() ]
p1: [    0.0000000000e+00,    -1.6294473728e+00,     1.0196720224e+00,     2.0000000000e+00,     0.0000000000e+00,     0.0000000000e+00 ] 
p2: [    0.0000000000e+00,     2.2204460493e-16,    -1.7221312259e-16,     0.0000000000e+00,     0.0000000000e+00,     0.0000000000e+00 ] 
ps: [    0.0000000000e+00,    -1.6294473728e+00,     1.0196720224e+00,     2.0000000000e+00,     0.0000000000e+00,     0.0000000000e+00 ] 
[ addPolynomial() ]
p1: [    0.0000000000e+00,     0.0000000000e+00,     0.0000000000e+00,     0.0000000000e+00,     1.0000000000e+00,     0.0000000000e+00 ] 
p2: [   -0.0000000000e+00,     1.2771233435e-01,    -4.1377468517e-01,    -0.0000000000e+00,    -0.0000000000e+00,    -0.0000000000e+00 ] 
ps: [    0.0000000000e+00,     1.2771233435e-01,    -4.1377468517e-01,     0.0000000000e+00,     1.0000000000e+00,     0.0000000000e+00 ] 
[ addPolynomial() ]
p1: [    0.0000000000e+00,     1.2771233435e-01,    -4.1377468517e-01,     0.0000000000e+00,     1.0000000000e+00,     0.0000000000e+00 ] 
p2: [    0.0000000000e+00,    -2.7755575616e-17,     8.9925179279e-17,     0.0000000000e+00,     0.0000000000e+00,     0.0000000000e+00 ] 
ps: [    0.0000000000e+00,     1.2771233435e-01,    -4.1377468517e-01,     0.0000000000e+00,     1.0000000000e+00,     0.0000000000e+00 ] 
[ addPolynomial() ]
p1: [    0.0000000000e+00,     1.2771233435e-01,    -4.1377468517e-01,     0.0000000000e+00,     1.0000000000e+00,     0.0000000000e+00 ] 
p2: [   -0.0000000000e+00,    -5.3350427142e-01,     4.1377468517e-01,    -0.0000000000e+00,    -0.0000000000e+00,    -0.0000000000e+00 ] 
ps: [    0.0000000000e+00,    -4.0579193708e-01,    -7.2719608113e-15,     0.0000000000e+00,     1.0000000000e+00,     0.0000000000e+00 ] 
[ addPolynomial() ]
p1: [    0.0000000000e+00,     0.0000000000e+00,     0.0000000000e+00,     0.0000000000e+00,     0.0000000000e+00,     2.0000000000e+00 ] 
p2: [   -0.0000000000e+00,     1.6466709620e-01,    -5.3350427142e-01,    -0.0000000000e+00,    -0.0000000000e+00,    -0.0000000000e+00 ] 
ps: [    0.0000000000e+00,     1.6466709620e-01,    -5.3350427142e-01,     0.0000000000e+00,     0.0000000000e+00,     2.0000000000e+00 ] 
[ addPolynomial() ]
p1: [    0.0000000000e+00,     1.6466709620e-01,    -5.3350427142e-01,     0.0000000000e+00,     0.0000000000e+00,     2.0000000000e+00 ] 
p2: [    0.0000000000e+00,    -2.7755575616e-17,     8.9925179279e-17,     0.0000000000e+00,     0.0000000000e+00,     0.0000000000e+00 ] 
ps: [    0.0000000000e+00,     1.6466709620e-01,    -5.3350427142e-01,     0.0000000000e+00,     0.0000000000e+00,     2.0000000000e+00 ] 
[ addPolynomial() ]
p1: [    0.0000000000e+00,     1.6466709620e-01,    -5.3350427142e-01,     0.0000000000e+00,     0.0000000000e+00,     2.0000000000e+00 ] 
p2: [   -0.0000000000e+00,    -1.6466709620e-01,     1.2771233435e-01,    -0.0000000000e+00,    -0.0000000000e+00,    -0.0000000000e+00 ] 
ps: [    0.0000000000e+00,     2.8865798640e-15,    -4.0579193708e-01,     0.0000000000e+00,     0.0000000000e+00,     2.0000000000e+00 ] 
[ addPolynomial() ]
p1: [    0.0000000000e+00,     2.8865798640e-15,    -4.0579193708e-01,     0.0000000000e+00,     0.0000000000e+00,     2.0000000000e+00 ] 
p2: [   -0.0000000000e+00,    -2.7755575616e-17,     2.1526640324e-17,    -0.0000000000e+00,    -0.0000000000e+00,    -0.0000000000e+00 ] 
ps: [    0.0000000000e+00,     2.8588242884e-15,    -4.0579193708e-01,     0.0000000000e+00,     0.0000000000e+00,     2.0000000000e+00 ] 
[ addPolynomial() ]
p1: [    0.0000000000e+00,     0.0000000000e+00,     0.0000000000e+00,     2.0000000000e+00,     0.0000000000e+00,     0.0000000000e+00 ] 
p2: [   -0.0000000000e+00,     9.9050998777e-02,    -3.2091493782e-01,    -0.0000000000e+00,    -0.0000000000e+00,    -0.0000000000e+00 ] 
ps: [    0.0000000000e+00,     9.9050998777e-02,    -3.2091493782e-01,     2.0000000000e+00,     0.0000000000e+00,     0.0000000000e+00 ] 
[ addPolynomial() ]
p1: [    0.0000000000e+00,     9.9050998777e-02,    -3.2091493782e-01,     2.0000000000e+00,     0.0000000000e+00,     0.0000000000e+00 ] 
p2: [    0.0000000000e+00,    -1.3877787808e-17,     4.4962589639e-17,     0.0000000000e+00,     0.0000000000e+00,     0.0000000000e+00 ] 
ps: [    0.0000000000e+00,     9.9050998777e-02,    -3.2091493782e-01,     2.0000000000e+00,     0.0000000000e+00,     0.0000000000e+00 ] 
[ addPolynomial() ]
p1: [    0.0000000000e+00,     9.9050998777e-02,    -3.2091493782e-01,     2.0000000000e+00,     0.0000000000e+00,     0.0000000000e+00 ] 
p2: [   -0.0000000000e+00,    -1.7284983716e+00,     1.3405869603e+00,    -0.0000000000e+00,    -0.0000000000e+00,    -0.0000000000e+00 ] 
ps: [    0.0000000000e+00,    -1.6294473728e+00,     1.0196720224e+00,     2.0000000000e+00,     0.0000000000e+00,     0.0000000000e+00 ] 
[ addPolynomial() ]
p1: [    0.0000000000e+00,    -1.6294473728e+00,     1.0196720224e+00,     2.0000000000e+00,     0.0000000000e+00,     0.0000000000e+00 ] 
p2: [    0.0000000000e+00,     2.2204460493e-16,    -1.7221312259e-16,     0.0000000000e+00,     0.0000000000e+00,     0.0000000000e+00 ] 
ps: [    0.0000000000e+00,    -1.6294473728e+00,     1.0196720224e+00,     2.0000000000e+00,     0.0000000000e+00,     0.0000000000e+00 ] 
[ addPolynomial() ]
p1: [    0.0000000000e+00,    -2.0268422081e-01,     1.2683528956e-01,     2.4877663948e-01,     0.0000000000e+00,     0.0000000000e+00 ] 
p2: [   -0.0000000000e+00,     6.9388939039e-18,    -2.2481294820e-17,    -0.0000000000e+00,    -0.0000000000e+00,    -0.0000000000e+00 ] 
ps: [    0.0000000000e+00,    -2.0268422081e-01,     1.2683528956e-01,     2.4877663948e-01,     0.0000000000e+00,     0.0000000000e+00 ] 
[ addPolynomial() ]
p1: [    0.0000000000e+00,    -2.0268422081e-01,     1.2683528956e-01,     2.4877663948e-01,     0.0000000000e+00,     0.0000000000e+00 ] 
p2: [    0.0000000000e+00,    -6.9388939039e-18,     2.2481294820e-17,     0.0000000000e+00,     0.0000000000e+00,     0.0000000000e+00 ] 
ps: [    0.0000000000e+00,    -2.0268422081e-01,     1.2683528956e-01,     2.4877663948e-01,     0.0000000000e+00,     0.0000000000e+00 ] 
[ addPolynomial() ]
p1: [    0.0000000000e+00,     0.0000000000e+00,     0.0000000000e+00,     0.0000000000e+00,     1.0000000000e+00,     0.0000000000e+00 ] 
p2: [   -0.0000000000e+00,     1.2771233435e-01,    -4.1377468517e-01,    -0.0000000000e+00,    -0.0000000000e+00,    -0.0000000000e+00 ] 
ps: [    0.0000000000e+00,     1.2771233435e-01,    -4.1377468517e-01,     0.0000000000e+00,     1.0000000000e+00,     0.0000000000e+00 ] 
[ addPolynomial() ]
p1: [    0.0000000000e+00,     1.2771233435e-01,    -4.1377468517e-01,     0.0000000000e+00,     1.0000000000e+00,     0.0000000000e+00 ] 
p2: [    0.0000000000e+00,    -2.7755575616e-17,     8.9925179279e-17,     0.0000000000e+00,     0.0000000000e+00,     0.0000000000e+00 ] 
ps: [    0.0000000000e+00,     1.2771233435e-01,    -4.1377468517e-01,     0.0000000000e+00,     1.0000000000e+00,     0.0000000000e+00 ] 
[ addPolynomial() ]
p1: [    0.0000000000e+00,     1.2771233435e-01,    -4.1377468517e-01,     0.0000000000e+00,     1.0000000000e+00,     0.0000000000e+00 ] 
p2: [   -0.0000000000e+00,    -5.3350427142e-01,     4.1377468517e-01,    -0.0000000000e+00,    -0.0000000000e+00,    -0.0000000000e+00 ] 
ps: [    0.0000000000e+00,    -4.0579193708e-01,    -7.2719608113e-15,     0.0000000000e+00,     1.0000000000e+00,     0.0000000000e+00 ] 
[ addPolynomial() ]
p1: [    0.0000000000e+00,    -4.0579193708e-01,    -7.2719608113e-15,     0.0000000000e+00,     1.0000000000e+00,     0.0000000000e+00 ] 
p2: [   -0.0000000000e+00,     1.3436828952e+00,    -8.4084695104e-01,    -1.6492498226e+00,    -0.0000000000e+00,    -0.0000000000e+00 ] 
ps: [    0.0000000000e+00,     9.3789095814e-01,    -8.4084695104e-01,    -1.6492498226e+00,     1.0000000000e+00,     0.0000000000e+00 ] 
[ addPolynomial() ]
p1: [    0.0000000000e+00,     9.3789095814e-01,    -8.4084695104e-01,    -1.6492498226e+00,     1.0000000000e+00,     0.0000000000e+00 ] 
p2: [   -0.0000000000e+00,     5.4005925280e-16,    -3.3795710112e-16,    -6.6287412753e-16,    -0.0000000000e+00,    -0.0000000000e+00 ] 
ps: [    0.0000000000e+00,     9.3789095814e-01,    -8.4084695104e-01,    -1.6492498226e+00,     1.0000000000e+00,     0.0000000000e+00 ] 
[ addPolynomial() ]
p1: [   -0.0000000000e+00,    -2.4470042744e-01,     2.1938116211e-01,     4.3029750210e-01,    -2.6090498614e-01,    -0.0000000000e+00 ] 
p2: [    0.0000000000e+00,    -2.2502468867e-17,     1.4081545880e-17,     2.7619755314e-17,     0.0000000000e+00,     0.0000000000e+00 ] 
ps: [    0.0000000000e+00,    -2.4470042744e-01,     2.1938116211e-01,     4.3029750210e-01,    -2.6090498614e-01,     0.0000000000e+00 ] 
[ addPolynomial() ]
p1: [    0.0000000000e+00,    -2.4470042744e-01,     2.1938116211e-01,     4.3029750210e-01,    -2.6090498614e-01,     0.0000000000e+00 ] 
p2: [    0.0000000000e+00,    -2.2502468867e-17,     1.4081545880e-17,     2.7619755314e-17,     0.0000000000e+00,     0.0000000000e+00 ] 
ps: [    0.0000000000e+00,    -2.4470042744e-01,     2.1938116211e-01,     4.3029750210e-01,    -2.6090498614e-01,     0.0000000000e+00 ] 
[ addPolynomial() ]
p1: [    0.0000000000e+00,    -2.0268422081e-01,     1.2683528956e-01,     2.4877663948e-01,     0.0000000000e+00,     0.0000000000e+00 ] 
p2: [   -0.0000000000e+00,     1.5109119531e-02,    -1.3545772012e-02,    -2.6568880411e-02,     1.6109676077e-02,    -0.0000000000e+00 ] 
ps: [    0.0000000000e+00,    -1.8757510127e-01,     1.1328951755e-01,     2.2220775907e-01,     1.6109676077e-02,     0.0000000000e+00 ] 
[ addPolynomial() ]
p1: [    0.0000000000e+00,     0.0000000000e+00,     0.0000000000e+00,     0.0000000000e+00,     0.0000000000e+00,     2.0000000000e+00 ] 
p2: [   -0.0000000000e+00,     1.6466709620e-01,    -5.3350427142e-01,    -0.0000000000e+00,    -0.0000000000e+00,    -0.0000000000e+00 ] 
ps: [    0.0000000000e+00,     1.6466709620e-01,    -5.3350427142e-01,     0.0000000000e+00,     0.0000000000e+00,     2.0000000000e+00 ] 
[ addPolynomial() ]
p1: [    0.0000000000e+00,     1.6466709620e-01,    -5.3350427142e-01,     0.0000000000e+00,     0.0000000000e+00,     2.0000000000e+00 ] 
p2: [    0.0000000000e+00,    -2.7755575616e-17,     8.9925179279e-17,     0.0000000000e+00,     0.0000000000e+00,     0.0000000000e+00 ] 
ps: [    0.0000000000e+00,     1.6466709620e-01,    -5.3350427142e-01,     0.0000000000e+00,     0.0000000000e+00,     2.0000000000e+00 ] 
[ addPolynomial() ]
p1: [    0.0000000000e+00,     1.6466709620e-01,    -5.3350427142e-01,     0.0000000000e+00,     0.0000000000e+00,     2.0000000000e+00 ] 
p2: [   -0.0000000000e+00,    -1.6466709620e-01,     1.2771233435e-01,    -0.0000000000e+00,    -0.0000000000e+00,    -0.0000000000e+00 ] 
ps: [    0.0000000000e+00,     2.8865798640e-15,    -4.0579193708e-01,     0.0000000000e+00,     0.0000000000e+00,     2.0000000000e+00 ] 
[ addPolynomial() ]
p1: [    0.0000000000e+00,     2.8865798640e-15,    -4.0579193708e-01,     0.0000000000e+00,     0.0000000000e+00,     2.0000000000e+00 ] 
p2: [   -0.0000000000e+00,    -2.7755575616e-17,     2.1526640324e-17,    -0.0000000000e+00,    -0.0000000000e+00,    -0.0000000000e+00 ] 
ps: [    0.0000000000e+00,     2.8588242884e-15,    -4.0579193708e-01,     0.0000000000e+00,     0.0000000000e+00,     2.0000000000e+00 ] 
[ addPolynomial() ]
p1: [    0.0000000000e+00,     2.8588242884e-15,    -4.0579193708e-01,     0.0000000000e+00,     0.0000000000e+00,     2.0000000000e+00 ] 
p2: [   -0.0000000000e+00,     9.0253171154e-01,    -5.4510103673e-01,    -1.0691693500e+00,    -7.7512918417e-02,    -0.0000000000e+00 ] 
ps: [    0.0000000000e+00,     9.0253171154e-01,    -9.5089297381e-01,    -1.0691693500e+00,    -7.7512918417e-02,     2.0000000000e+00 ] 
[ addPolynomial() ]
p1: [    0.0000000000e+00,     9.0253171154e-01,    -9.5089297381e-01,    -1.0691693500e+00,    -7.7512918417e-02,     2.0000000000e+00 ] 
p2: [   -0.0000000000e+00,     8.3300078512e-17,    -5.0310652331e-17,    -9.8680068147e-17,    -7.1541333200e-18,    -0.0000000000e+00 ] 
ps: [    0.0000000000e+00,     9.0253171154e-01,    -9.5089297381e-01,    -1.0691693500e+00,    -7.7512918417e-02,     2.0000000000e+00 ] 
[ addPolynomial() ]
p1: [    0.0000000000e+00,     9.0253171154e-01,    -9.5089297381e-01,    -1.0691693500e+00,    -7.7512918417e-02,     2.0000000000e+00 ] 
p2: [   -0.0000000000e+00,     3.8791683920e-01,    -3.4777890614e-01,    -6.8213876322e-01,     4.1360547923e-01,    -0.0000000000e+00 ] 
ps: [    0.0000000000e+00,     1.2904485507e+00,    -1.2986718800e+00,    -1.7513081132e+00,     3.3609256081e-01,     2.0000000000e+00 ] 
[ addPolynomial() ]
p1: [    0.0000000000e+00,     1.2904485507e+00,    -1.2986718800e+00,    -1.7513081132e+00,     3.3609256081e-01,     2.0000000000e+00 ] 
p2: [    0.0000000000e+00,    -2.1733763894e-16,     1.9484961388e-16,     3.8218095542e-16,    -2.3173017829e-16,     0.0000000000e+00 ] 
ps: [    0.0000000000e+00,     1.2904485507e+00,    -1.2986718800e+00,    -1.7513081132e+00,     3.3609256081e-01,     2.0000000000e+00 ] 
[ addPolynomial() ]
p1: [    0.0000000000e+00,     0.0000000000e+00,     0.0000000000e+00,     0.0000000000e+00,     0.0000000000e+00,     2.0000000000e+00 ] 
p2: [   -0.0000000000e+00,     1.6466709620e-01,    -5.3350427142e-01,    -0.0000000000e+00,    -0.0000000000e+00,    -0.0000000000e+00 ] 
ps: [    0.0000000000e+00,     1.6466709620e-01,    -5.3350427142e-01,     0.0000000000e+00,     0.0000000000e+00,     2.0000000000e+00 ] 
[ addPolynomial() ]
p1: [    0.0000000000e+00,     1.6466709620e-01,    -5.3350427142e-01,     0.0000000000e+00,     0.0000000000e+00,     2.0000000000e+00 ] 
p2: [    0.0000000000e+00,    -2.7755575616e-17,     8.9925179279e-17,     0.0000000000e+00,     0.0000000000e+00,     0.0000000000e+00 ] 
ps: [    0.0000000000e+00,     1.6466709620e-01,    -5.3350427142e-01,     0.0000000000e+00,     0.0000000000e+00,     2.0000000000e+00 ] 
[ addPolynomial() ]
p1: [    0.0000000000e+00,     1.6466709620e-01,    -5.3350427142e-01,     0.0000000000e+00,     0.0000000000e+00,     2.0000000000e+00 ] 
p2: [   -0.0000000000e+00,    -1.6466709620e-01,     1.2771233435e-01,    -0.0000000000e+00,    -0.0000000000e+00,    -0.0000000000e+00 ] 
ps: [    0.0000000000e+00,     2.8865798640e-15,    -4.0579193708e-01,     0.0000000000e+00,     0.0000000000e+00,     2.0000000000e+00 ] 
[ addPolynomial() ]
p1: [    0.0000000000e+00,     2.8865798640e-15,    -4.0579193708e-01,     0.0000000000e+00,     0.0000000000e+00,     2.0000000000e+00 ] 
p2: [   -0.0000000000e+00,    -2.7755575616e-17,     2.1526640324e-17,    -0.0000000000e+00,    -0.0000000000e+00,    -0.0000000000e+00 ] 
ps: [    0.0000000000e+00,     2.8588242884e-15,    -4.0579193708e-01,     0.0000000000e+00,     0.0000000000e+00,     2.0000000000e+00 ] 
[ addPolynomial() ]
p1: [    0.0000000000e+00,     2.8588242884e-15,    -4.0579193708e-01,     0.0000000000e+00,     0.0000000000e+00,     2.0000000000e+00 ] 
p2: [   -0.0000000000e+00,     9.0253171154e-01,    -5.4510103673e-01,    -1.0691693500e+00,    -7.7512918417e-02,    -0.0000000000e+00 ] 
ps: [    0.0000000000e+00,     9.0253171154e-01,    -9.5089297381e-01,    -1.0691693500e+00,    -7.7512918417e-02,     2.0000000000e+00 ] 
[ addPolynomial() ]
p1: [    0.0000000000e+00,     9.0253171154e-01,    -9.5089297381e-01,    -1.0691693500e+00,    -7.7512918417e-02,     2.0000000000e+00 ] 
p2: [   -0.0000000000e+00,     8.3300078512e-17,    -5.0310652331e-17,    -9.8680068147e-17,    -7.1541333200e-18,    -0.0000000000e+00 ] 
ps: [    0.0000000000e+00,     9.0253171154e-01,    -9.5089297381e-01,    -1.0691693500e+00,    -7.7512918417e-02,     2.0000000000e+00 ] 
[ addPolynomial() ]
p1: [    0.0000000000e+00,     9.0253171154e-01,    -9.5089297381e-01,    -1.0691693500e+00,    -7.7512918417e-02,     2.0000000000e+00 ] 
p2: [   -0.0000000000e+00,     3.8791683920e-01,    -3.4777890614e-01,    -6.8213876322e-01,     4.1360547923e-01,    -0.0000000000e+00 ] 
ps: [    0.0000000000e+00,     1.2904485507e+00,    -1.2986718800e+00,    -1.7513081132e+00,     3.3609256081e-01,     2.0000000000e+00 ] 
[ addPolynomial() ]
p1: [    0.0000000000e+00,     1.2904485507e+00,    -1.2986718800e+00,    -1.7513081132e+00,     3.3609256081e-01,     2.0000000000e+00 ] 
p2: [    0.0000000000e+00,    -2.1733763894e-16,     1.9484961388e-16,     3.8218095542e-16,    -2.3173017829e-16,     0.0000000000e+00 ] 
ps: [    0.0000000000e+00,     1.2904485507e+00,    -1.2986718800e+00,    -1.7513081132e+00,     3.3609256081e-01,     2.0000000000e+00 ] 
[ addPolynomial() ]
p1: [    0.0000000000e+00,     6.0118796273e-02,    -6.0501900778e-02,    -8.1589099860e-02,     1.5657718536e-02,     9.3175037840e-02 ] 
p2: [   -0.0000000000e+00,     5.2041704279e-18,    -1.6860971115e-17,    -0.0000000000e+00,    -0.0000000000e+00,    -0.0000000000e+00 ] 
ps: [    0.0000000000e+00,     6.0118796273e-02,    -6.0501900778e-02,    -8.1589099860e-02,     1.5657718536e-02,     9.3175037840e-02 ] 
[ addPolynomial() ]
p1: [    0.0000000000e+00,     6.0118796273e-02,    -6.0501900778e-02,    -8.1589099860e-02,     1.5657718536e-02,     9.3175037840e-02 ] 
p2: [   -0.0000000000e+00,     1.7347234760e-18,    -5.6203237049e-18,    -0.0000000000e+00,    -0.0000000000e+00,    -0.0000000000e+00 ] 
ps: [    0.0000000000e+00,     6.0118796273e-02,    -6.0501900778e-02,    -8.1589099860e-02,     1.5657718536e-02,     9.3175037840e-02 ] 
[ addPolynomial() ]
p1: [    0.0000000000e+00,     6.0118796273e-02,    -6.0501900778e-02,    -8.1589099860e-02,     1.5657718536e-02,     9.3175037840e-02 ] 
p2: [   -0.0000000000e+00,    -6.9388939039e-18,     5.3816600809e-18,    -0.0000000000e+00,    -0.0000000000e+00,    -0.0000000000e+00 ] 
ps: [    0.0000000000e+00,     6.0118796273e-02,    -6.0501900778e-02,    -8.1589099860e-02,     1.5657718536e-02,     9.3175037840e-02 ] 
[ addPolynomial() ]
p1: [    0.0000000000e+00,     6.0118796273e-02,    -6.0501900778e-02,    -8.1589099860e-02,     1.5657718536e-02,     9.3175037840e-02 ] 
p2: [   -0.0000000000e+00,    -6.9388939039e-18,     5.3816600809e-18,    -0.0000000000e+00,    -0.0000000000e+00,    -0.0000000000e+00 ] 
ps: [    0.0000000000e+00,     6.0118796273e-02,    -6.0501900778e-02,    -8.1589099860e-02,     1.5657718536e-02,     9.3175037840e-02 ] 
[ addPolynomial() ]
p1: [    0.0000000000e+00,     6.0118796273e-02,    -6.0501900778e-02,    -8.1589099860e-02,     1.5657718536e-02,     9.3175037840e-02 ] 
p2: [   -0.0000000000e+00,     5.2062549070e-18,    -3.1444157707e-18,    -6.1675042592e-18,    -4.4713333250e-19,    -0.0000000000e+00 ] 
ps: [    0.0000000000e+00,     6.0118796273e-02,    -6.0501900778e-02,    -8.1589099860e-02,     1.5657718536e-02,     9.3175037840e-02 ] 
[ addPolynomial() ]
p1: [    0.0000000000e+00,     6.0118796273e-02,    -6.0501900778e-02,    -8.1589099860e-02,     1.5657718536e-02,     9.3175037840e-02 ] 
p2: [   -0.0000000000e+00,     1.0412509814e-17,    -6.2888315414e-18,    -1.2335008518e-17,    -8.9426666500e-19,    -0.0000000000e+00 ] 
ps: [    0.0000000000e+00,     6.0118796273e-02,    -6.0501900778e-02,    -8.1589099860e-02,     1.5657718536e-02,     9.3175037840e-02 ] 
[ addPolynomial() ]
p1: [    0.0000000000e+00,     6.0118796273e-02,    -6.0501900778e-02,    -8.1589099860e-02,     1.5657718536e-02,     9.3175037840e-02 ] 
p2: [   -0.0000000000e+00,     6.7918012169e-18,    -6.0890504336e-18,    -1.1943154857e-17,     7.2415680714e-18,    -0.0000000000e+00 ] 
ps: [    0.0000000000e+00,     6.0118796273e-02,    -6.0501900778e-02,    -8.1589099860e-02,     1.5657718536e-02,     9.3175037840e-02 ] 
[ addPolynomial() ]
p1: [    0.0000000000e+00,     6.0118796273e-02,    -6.0501900778e-02,    -8.1589099860e-02,     1.5657718536e-02,     9.3175037840e-02 ] 
p2: [   -0.0000000000e+00,     6.7918012169e-18,    -6.0890504336e-18,    -1.1943154857e-17,     7.2415680714e-18,    -0.0000000000e+00 ] 
ps: [    0.0000000000e+00,     6.0118796273e-02,    -6.0501900778e-02,    -8.1589099860e-02,     1.5657718536e-02,     9.3175037840e-02 ] 
[ addPolynomial() ]
p1: [    0.0000000000e+00,    -1.8757510127e-01,     1.1328951755e-01,     2.2220775907e-01,     1.6109676077e-02,     0.0000000000e+00 ] 
p2: [    0.0000000000e+00,     2.6879634007e-02,    -2.7050923347e-02,    -3.6479192519e-02,     7.0007014398e-03,     4.1659365640e-02 ] 
ps: [    0.0000000000e+00,    -1.6069546727e-01,     8.6238594199e-02,     1.8572856655e-01,     2.3110377517e-02,     4.1659365640e-02 ] 
[ addPolynomial() ]
p1: [    0.0000000000e+00,    -1.6069546727e-01,     8.6238594199e-02,     1.8572856655e-01,     2.3110377517e-02,     4.1659365640e-02 ] 
p2: [    0.0000000000e+00,     6.6745271835e-18,    -6.7170603277e-18,    -9.0582097223e-18,     1.7383559631e-18,     1.0344507233e-17 ] 
ps: [    0.0000000000e+00,    -1.6069546727e-01,     8.6238594199e-02,     1.8572856655e-01,     2.3110377517e-02,     4.1659365640e-02 ] 
[ addPolynomial() ]
p1: [    0.0000000000e+00,    -2.4470042744e-01,     2.1938116211e-01,     4.3029750210e-01,    -2.6090498614e-01,     0.0000000000e+00 ] 
p2: [    0.0000000000e+00,     5.4880403909e-02,    -5.5230126979e-02,    -7.4479913647e-02,     1.4293398584e-02,     8.5056322281e-02 ] 
ps: [    0.0000000000e+00,    -1.8982002353e-01,     1.6415103513e-01,     3.5581758846e-01,    -2.4661158756e-01,     8.5056322281e-02 ] 
[ addPolynomial() ]
p1: [    0.0000000000e+00,    -1.8982002353e-01,     1.6415103513e-01,     3.5581758846e-01,    -2.4661158756e-01,     8.5056322281e-02 ] 
p2: [    0.0000000000e+00,     1.3349054367e-17,    -1.3434120655e-17,    -1.8116419445e-17,     3.4767119262e-18,     2.0689014466e-17 ] 
ps: [    0.0000000000e+00,    -1.8982002353e-01,     1.6415103513e-01,     3.5581758846e-01,    -2.4661158756e-01,     8.5056322281e-02 ] 
[ addPolynomial() ]
p1: [    4.8400000000e+00,     0.0000000000e+00,     0.0000000000e+00,     0.0000000000e+00,     0.0000000000e+00,     0.0000000000e+00 ] 
p2: [   -0.0000000000e+00,     1.2857332214e+00,    -4.1656419609e+00,    -0.0000000000e+00,    -0.0000000000e+00,    -0.0000000000e+00 ] 
ps: [    4.8400000000e+00,     1.2857332214e+00,    -4.1656419609e+00,     0.0000000000e+00,     0.0000000000e+00,     0.0000000000e+00 ] 
[ addPolynomial() ]
p1: [    4.8400000000e+00,     1.2857332214e+00,    -4.1656419609e+00,     0.0000000000e+00,     0.0000000000e+00,     0.0000000000e+00 ] 
p2: [   -0.0000000000e+00,    -4.0562858486e+00,     3.1459699385e+00,    -0.0000000000e+00,    -0.0000000000e+00,    -0.0000000000e+00 ] 
ps: [    4.8400000000e+00,    -2.7705526272e+00,    -1.0196720224e+00,     0.0000000000e+00,     0.0000000000e+00,     0.0000000000e+00 ] 
[ addPolynomial() ]
p1: [    4.8400000000e+00,    -2.7705526272e+00,    -1.0196720224e+00,     0.0000000000e+00,     0.0000000000e+00,     0.0000000000e+00 ] 
p2: [    0.0000000000e+00,    -1.2918855050e+00,     6.9330138376e-01,     1.4931351025e+00,     1.8579218342e-01,     3.3491380643e-01 ] 
ps: [    4.8400000000e+00,    -4.0624381322e+00,    -3.2637063868e-01,     1.4931351025e+00,     1.8579218342e-01,     3.3491380643e-01 ] 
[ addPolynomial() ]
p1: [    4.8400000000e+00,    -4.0624381322e+00,    -3.2637063868e-01,     1.4931351025e+00,     1.8579218342e-01,     3.3491380643e-01 ] 
p2: [    0.0000000000e+00,    -9.4225152843e-02,     8.1483270769e-02,     1.7662502634e-01,    -1.2241603440e-01,     4.2221283183e-02 ] 
ps: [    4.8400000000e+00,    -4.1566632851e+00,    -2.4488736791e-01,     1.6697601289e+00,     6.3376149020e-02,     3.7713508962e-01 ] 
[ addPolynomial() ]
p1: [    4.8400000000e+00,    -4.1566632851e+00,    -2.4488736791e-01,     1.6697601289e+00,     6.3376149020e-02,     3.7713508962e-01 ] 
p2: [   -0.0000000000e+00,    -2.4333671492e-01,     2.4488736791e-01,     3.3023987112e-01,    -6.3376149020e-02,    -3.7713508962e-01 ] 
ps: [    4.8400000000e+00,    -4.4000000000e+00,     2.7755575616e-16,     2.0000000000e+00,     2.0816681712e-16,     0.0000000000e+00 ] 
[ addPolynomial() ]
p1: [    0.0000000000e+00,     3.6797922680e+00,    -3.7032415897e+00,    -4.9939612473e+00,     9.5838831071e-01,     5.7031212378e+00 ] 
p2: [   -0.0000000000e+00,     5.5511151231e-17,    -1.7985035856e-16,    -0.0000000000e+00,    -0.0000000000e+00,    -0.0000000000e+00 ] 
ps: [    0.0000000000e+00,     3.6797922680e+00,    -3.7032415897e+00,    -4.9939612473e+00,     9.5838831071e-01,     5.7031212378e+00 ] 
[ addPolynomial() ]
p1: [    0.0000000000e+00,     3.6797922680e+00,    -3.7032415897e+00,    -4.9939612473e+00,     9.5838831071e-01,     5.7031212378e+00 ] 
p2: [   -0.0000000000e+00,     5.5511151231e-17,    -1.7985035856e-16,    -0.0000000000e+00,    -0.0000000000e+00,    -0.0000000000e+00 ] 
ps: [    0.0000000000e+00,     3.6797922680e+00,    -3.7032415897e+00,    -4.9939612473e+00,     9.5838831071e-01,     5.7031212378e+00 ] 
[ addPolynomial() ]
p1: [    0.0000000000e+00,     3.6797922680e+00,    -3.7032415897e+00,    -4.9939612473e+00,     9.5838831071e-01,     5.7031212378e+00 ] 
p2: [   -0.0000000000e+00,    -8.8817841970e-16,     6.8885249036e-16,    -0.0000000000e+00,    -0.0000000000e+00,    -0.0000000000e+00 ] 
ps: [    0.0000000000e+00,     3.6797922680e+00,    -3.7032415897e+00,    -4.9939612473e+00,     9.5838831071e-01,     5.7031212378e+00 ] 
[ addPolynomial() ]
p1: [    0.0000000000e+00,     3.6797922680e+00,    -3.7032415897e+00,    -4.9939612473e+00,     9.5838831071e-01,     5.7031212378e+00 ] 
p2: [    0.0000000000e+00,     4.4408920985e-16,    -3.4442624518e-16,     0.0000000000e+00,     0.0000000000e+00,     0.0000000000e+00 ] 
ps: [    0.0000000000e+00,     3.6797922680e+00,    -3.7032415897e+00,    -4.9939612473e+00,     9.5838831071e-01,     5.7031212378e+00 ] 
[ addPolynomial() ]
p1: [    0.0000000000e+00,     3.6797922680e+00,    -3.7032415897e+00,    -4.9939612473e+00,     9.5838831071e-01,     5.7031212378e+00 ] 
p2: [    0.0000000000e+00,    -6.7437619410e-16,     5.8318162790e-16,     1.2641180137e-15,    -8.7614036048e-16,     3.0218075964e-16 ] 
ps: [    0.0000000000e+00,     3.6797922680e+00,    -3.7032415897e+00,    -4.9939612473e+00,     9.5838831071e-01,     5.7031212378e+00 ] 
[ addPolynomial() ]
p1: [    0.0000000000e+00,    -1.6069546727e-01,     8.6238594199e-02,     1.8572856655e-01,     2.3110377517e-02,     4.1659365640e-02 ] 
p2: [    0.0000000000e+00,     9.9796566120e-02,    -1.0043251555e-01,    -1.3543704305e-01,     2.5991647205e-02,     1.5466957759e-01 ] 
ps: [    0.0000000000e+00,    -6.0898901146e-02,    -1.4193921349e-02,     5.0291523500e-02,     4.9102024722e-02,     1.9632894323e-01 ] 
[ addPolynomial() ]
p1: [    0.0000000000e+00,    -1.8982002353e-01,     1.6415103513e-01,     3.5581758846e-01,    -2.4661158756e-01,     8.5056322281e-02 ] 
p2: [   -0.0000000000e+00,    -3.3051335755e+00,     3.3261954004e+00,     4.4855002105e+00,    -8.6080983744e-01,    -5.1224569528e+00 ] 
ps: [    0.0000000000e+00,    -3.4949535990e+00,     3.4903464355e+00,     4.8413177990e+00,    -1.1074214250e+00,    -5.0374006305e+00 ] 
[ addPolynomial() ]
p1: [    0.0000000000e+00,    -3.4949535990e+00,     3.4903464355e+00,     4.8413177990e+00,    -1.1074214250e+00,    -5.0374006305e+00 ] 
p2: [   -0.0000000000e+00,    -6.5366241628e-15,     6.5782785259e-15,     8.8710572173e-15,    -1.7024396305e-15,    -1.0130778417e-14 ] 
ps: [    0.0000000000e+00,    -3.4949535990e+00,     3.4903464355e+00,     4.8413177990e+00,    -1.1074214250e+00,    -5.0374006305e+00 ] 
[ addPolynomial() ]
p1: [    4.8400000000e+00,     0.0000000000e+00,     0.0000000000e+00,     0.0000000000e+00,     0.0000000000e+00,     0.0000000000e+00 ] 
p2: [   -0.0000000000e+00,     1.2857332214e+00,    -4.1656419609e+00,    -0.0000000000e+00,    -0.0000000000e+00,    -0.0000000000e+00 ] 
ps: [    4.8400000000e+00,     1.2857332214e+00,    -4.1656419609e+00,     0.0000000000e+00,     0.0000000000e+00,     0.0000000000e+00 ] 
[ addPolynomial() ]
p1: [    4.8400000000e+00,     1.2857332214e+00,    -4.1656419609e+00,     0.0000000000e+00,     0.0000000000e+00,     0.0000000000e+00 ] 
p2: [   -0.0000000000e+00,    -4.0562858486e+00,     3.1459699385e+00,    -0.0000000000e+00,    -0.0000000000e+00,    -0.0000000000e+00 ] 
ps: [    4.8400000000e+00,    -2.7705526272e+00,    -1.0196720224e+00,     0.0000000000e+00,     0.0000000000e+00,     0.0000000000e+00 ] 
[ addPolynomial() ]
p1: [    4.8400000000e+00,    -2.7705526272e+00,    -1.0196720224e+00,     0.0000000000e+00,     0.0000000000e+00,     0.0000000000e+00 ] 
p2: [    0.0000000000e+00,    -4.8958697467e-01,    -1.1410976029e-01,     4.0431065879e-01,     3.9474787363e-01,     1.5783551353e+00 ] 
ps: [    4.8400000000e+00,    -3.2601396019e+00,    -1.1337817827e+00,     4.0431065879e-01,     3.9474787363e-01,     1.5783551353e+00 ] 
[ addPolynomial() ]
p1: [    4.8400000000e+00,    -3.2601396019e+00,    -1.1337817827e+00,     4.0431065879e-01,     3.9474787363e-01,     1.5783551353e+00 ] 
p2: [    0.0000000000e+00,    -1.7348672228e+00,     1.7325802634e+00,     2.4031917239e+00,    -5.4971520440e-01,    -2.5005256849e+00 ] 
ps: [    4.8400000000e+00,    -4.9950068247e+00,     5.9879848066e-01,     2.8075023827e+00,    -1.5496733076e-01,    -9.2217054963e-01 ] 
[ addPolynomial() ]
p1: [    4.8400000000e+00,    -4.9950068247e+00,     5.9879848066e-01,     2.8075023827e+00,    -1.5496733076e-01,    -9.2217054963e-01 ] 
p2: [    0.0000000000e+00,     5.9500682465e-01,    -5.9879848066e-01,    -8.0750238268e-01,     1.5496733076e-01,     9.2217054963e-01 ] 
ps: [    4.8400000000e+00,    -4.4000000000e+00,     4.6629367034e-15,     2.0000000000e+00,    -9.7144514655e-16,    -6.2172489379e-15 ] 
[ addPolynomial() ]
p1: [    0.0000000000e+00,     0.0000000000e+00,     1.0000000000e+00,     0.0000000000e+00,     0.0000000000e+00,     0.0000000000e+00 ] 
p2: [   -0.0000000000e+00,    -2.8724524689e-14,    -0.0000000000e+00,    -0.0000000000e+00,    -0.0000000000e+00,    -0.0000000000e+00 ] 
ps: [    0.0000000000e+00,    -2.8724524689e-14,     1.0000000000e+00,     0.0000000000e+00,     0.0000000000e+00,     0.0000000000e+00 ] 
[ addPolynomial() ]
p1: [    0.0000000000e+00,     8.6242505790e+00,     0.0000000000e+00,     0.0000000000e+00,     0.0000000000e+00,     0.0000000000e+00 ] 
p2: [   -0.0000000000e+00,     3.1278154759e-14,    -1.0889006902e+00,    -0.0000000000e+00,    -0.0000000000e+00,    -0.0000000000e+00 ] 
ps: [    0.0000000000e+00,     8.6242505790e+00,    -1.0889006902e+00,     0.0000000000e+00,     0.0000000000e+00,     0.0000000000e+00 ] 
[ addPolynomial() ]
p1: [    0.0000000000e+00,     8.6242505790e+00,    -1.0889006902e+00,     0.0000000000e+00,     0.0000000000e+00,     0.0000000000e+00 ] 
p2: [   -0.0000000000e+00,     4.8174399815e-30,    -1.6771173879e-16,    -0.0000000000e+00,    -0.0000000000e+00,    -0.0000000000e+00 ] 
ps: [    0.0000000000e+00,     8.6242505790e+00,    -1.0889006902e+00,     0.0000000000e+00,     0.0000000000e+00,     0.0000000000e+00 ] 
[ addPolynomial() ]
p1: [    0.0000000000e+00,     0.0000000000e+00,     0.0000000000e+00,     2.0000000000e+00,     0.0000000000e+00,     0.0000000000e+00 ] 
p2: [   -0.0000000000e+00,    -1.1595210399e-01,     1.4640150458e-02,    -0.0000000000e+00,    -0.0000000000e+00,    -0.0000000000e+00 ] 
ps: [    0.0000000000e+00,    -1.1595210399e-01,     1.4640150458e-02,     2.0000000000e+00,     0.0000000000e+00,     0.0000000000e+00 ] 
[ addPolynomial() ]
p1: [    0.0000000000e+00,    -1.1595210399e-01,     1.4640150458e-02,     2.0000000000e+00,     0.0000000000e+00,     0.0000000000e+00 ] 
p2: [   -0.0000000000e+00,    -1.4960689942e-17,     1.8889415903e-18,    -0.0000000000e+00,    -0.0000000000e+00,    -0.0000000000e+00 ] 
ps: [    0.0000000000e+00,    -1.1595210399e-01,     1.4640150458e-02,     2.0000000000e+00,     0.0000000000e+00,     0.0000000000e+00 ] 
[ addPolynomial() ]
p1: [    0.0000000000e+00,    -1.1595210399e-01,     1.4640150458e-02,     2.0000000000e+00,     0.0000000000e+00,     0.0000000000e+00 ] 
p2: [   -0.0000000000e+00,     6.0626629983e-16,    -2.1106225652e-02,    -0.0000000000e+00,    -0.0000000000e+00,    -0.0000000000e+00 ] 
ps: [    0.0000000000e+00,    -1.1595210399e-01,    -6.4660751934e-03,     2.0000000000e+00,     0.0000000000e+00,     0.0000000000e+00 ] 
[ addPolynomial() ]
p1: [    0.0000000000e+00,    -1.1595210399e-01,    -6.4660751934e-03,     2.0000000000e+00,     0.0000000000e+00,     0.0000000000e+00 ] 
p2: [   -0.0000000000e+00,     1.5054499942e-31,    -5.2409918373e-18,    -0.0000000000e+00,    -0.0000000000e+00,    -0.0000000000e+00 ] 
ps: [    0.0000000000e+00,    -1.1595210399e-01,    -6.4660751934e-03,     2.0000000000e+00,     0.0000000000e+00,     0.0000000000e+00 ] 
[ addPolynomial() ]
p1: [    0.0000000000e+00,     0.0000000000e+00,     0.0000000000e+00,     0.0000000000e+00,     1.0000000000e+00,     0.0000000000e+00 ] 
p2: [   -0.0000000000e+00,    -3.3306690739e-15,     4.2053136329e-16,    -0.0000000000e+00,    -0.0000000000e+00,    -0.0000000000e+00 ] 
ps: [    0.0000000000e+00,    -3.3306690739e-15,     4.2053136329e-16,     0.0000000000e+00,     1.0000000000e+00,     0.0000000000e+00 ] 
[ addPolynomial() ]
p1: [    0.0000000000e+00,    -3.3306690739e-15,     4.2053136329e-16,     0.0000000000e+00,     1.0000000000e+00,     0.0000000000e+00 ] 
p2: [   -0.0000000000e+00,     4.8017165701e-15,    -1.6716435249e-01,    -0.0000000000e+00,    -0.0000000000e+00,    -0.0000000000e+00 ] 
ps: [    0.0000000000e+00,     1.4710474962e-15,    -1.6716435249e-01,     0.0000000000e+00,     1.0000000000e+00,     0.0000000000e+00 ] 
[ addPolynomial() ]
p1: [    0.0000000000e+00,     1.4710474962e-15,    -1.6716435249e-01,     0.0000000000e+00,     1.0000000000e+00,     0.0000000000e+00 ] 
p2: [   -0.0000000000e+00,     6.0217999769e-31,    -2.0963967349e-17,    -0.0000000000e+00,    -0.0000000000e+00,    -0.0000000000e+00 ] 
ps: [    0.0000000000e+00,     1.4710474962e-15,    -1.6716435249e-01,     0.0000000000e+00,     1.0000000000e+00,     0.0000000000e+00 ] 
[ addPolynomial() ]
p1: [    0.0000000000e+00,     0.0000000000e+00,     0.0000000000e+00,     0.0000000000e+00,     0.0000000000e+00,     2.0000000000e+00 ] 
p2: [   -0.0000000000e+00,    -9.5671886043e-29,     1.2079563527e-29,    -0.0000000000e+00,    -0.0000000000e+00,    -0.0000000000e+00 ] 
ps: [    0.0000000000e+00,    -9.5671886043e-29,     1.2079563527e-29,     0.0000000000e+00,     0.0000000000e+00,     2.0000000000e+00 ] 
[ addPolynomial() ]
p1: [    0.0000000000e+00,    -9.5671886043e-29,     1.2079563527e-29,     0.0000000000e+00,     0.0000000000e+00,     2.0000000000e+00 ] 
p2: [   -0.0000000000e+00,    -1.2085149092e-44,     1.5258748650e-45,    -0.0000000000e+00,    -0.0000000000e+00,    -0.0000000000e+00 ] 
ps: [    0.0000000000e+00,    -9.5671886043e-29,     1.2079563527e-29,     0.0000000000e+00,     0.0000000000e+00,     2.0000000000e+00 ] 
[ addPolynomial() ]
p1: [    0.0000000000e+00,    -9.5671886043e-29,     1.2079563527e-29,     0.0000000000e+00,     0.0000000000e+00,     2.0000000000e+00 ] 
p2: [   -0.0000000000e+00,     3.8030288053e-14,    -1.3239657911e+00,    -0.0000000000e+00,    -0.0000000000e+00,    -0.0000000000e+00 ] 
ps: [    0.0000000000e+00,     3.8030288053e-14,    -1.3239657911e+00,     0.0000000000e+00,     0.0000000000e+00,     2.0000000000e+00 ] 
[ addPolynomial() ]
p1: [    0.0000000000e+00,     3.8030288053e-14,    -1.3239657911e+00,     0.0000000000e+00,     0.0000000000e+00,     2.0000000000e+00 ] 
p2: [   -0.0000000000e+00,     9.6348799631e-30,    -3.3542347758e-16,    -0.0000000000e+00,    -0.0000000000e+00,    -0.0000000000e+00 ] 
ps: [    0.0000000000e+00,     3.8030288053e-14,    -1.3239657911e+00,     0.0000000000e+00,     0.0000000000e+00,     2.0000000000e+00 ] 
[ addPolynomial() ]
p1: [    1.7657293946e-18,     0.0000000000e+00,     0.0000000000e+00,     0.0000000000e+00,     0.0000000000e+00,     0.0000000000e+00 ] 
p2: [    0.0000000000e+00,     1.1595210665e-01,    -1.4640150794e-02,     0.0000000000e+00,     0.0000000000e+00,     0.0000000000e+00 ] 
ps: [    1.7657293946e-18,     1.1595210665e-01,    -1.4640150794e-02,     0.0000000000e+00,     0.0000000000e+00,     0.0000000000e+00 ] 
[ addPolynomial() ]
p1: [    1.7657293946e-18,     1.1595210665e-01,    -1.4640150794e-02,     0.0000000000e+00,     0.0000000000e+00,     0.0000000000e+00 ] 
p2: [    0.0000000000e+00,    -6.0626630947e-16,     2.1106225987e-02,     0.0000000000e+00,     0.0000000000e+00,     0.0000000000e+00 ] 
ps: [    1.7657293946e-18,     1.1595210665e-01,     6.4660751934e-03,     0.0000000000e+00,     0.0000000000e+00,     0.0000000000e+00 ] 
[ addPolynomial() ]
p1: [    0.0000000000e+00,    -1.1595210399e-01,    -6.4660751934e-03,     2.0000000000e+00,     0.0000000000e+00,     0.0000000000e+00 ] 
p2: [   -0.0000000000e+00,    -1.4960689942e-17,     1.8889415903e-18,    -0.0000000000e+00,    -0.0000000000e+00,    -0.0000000000e+00 ] 
ps: [    0.0000000000e+00,    -1.1595210399e-01,    -6.4660751934e-03,     2.0000000000e+00,     0.0000000000e+00,     0.0000000000e+00 ] 
[ addPolynomial() ]
p1: [    0.0000000000e+00,    -1.1595210399e-01,    -6.4660751934e-03,     2.0000000000e+00,     0.0000000000e+00,     0.0000000000e+00 ] 
p2: [    0.0000000000e+00,    -7.5272499712e-32,     2.6204959186e-18,     0.0000000000e+00,     0.0000000000e+00,     0.0000000000e+00 ] 
ps: [    0.0000000000e+00,    -1.1595210399e-01,    -6.4660751934e-03,     2.0000000000e+00,     0.0000000000e+00,     0.0000000000e+00 ] 
[ addPolynomial() ]
p1: [    0.0000000000e+00,    -1.1595210399e-01,    -6.4660751934e-03,     2.0000000000e+00,     0.0000000000e+00,     0.0000000000e+00 ] 
p2: [   -0.0000000000e+00,     7.5272499712e-32,    -2.6204959186e-18,    -0.0000000000e+00,    -0.0000000000e+00,    -0.0000000000e+00 ] 
ps: [    0.0000000000e+00,    -1.1595210399e-01,    -6.4660751934e-03,     2.0000000000e+00,     0.0000000000e+00,     0.0000000000e+00 ] 
[ addPolynomial() ]
p1: [    0.0000000000e+00,     3.8030288053e-14,    -1.3239657911e+00,     0.0000000000e+00,     0.0000000000e+00,     2.0000000000e+00 ] 
p2: [   -0.0000000000e+00,    -7.2285425010e-30,     9.1267813318e-31,    -0.0000000000e+00,    -0.0000000000e+00,    -0.0000000000e+00 ] 
ps: [    0.0000000000e+00,     3.8030288053e-14,    -1.3239657911e+00,     0.0000000000e+00,     0.0000000000e+00,     2.0000000000e+00 ] 
[ addPolynomial() ]
p1: [    0.0000000000e+00,     3.8030288053e-14,    -1.3239657911e+00,     0.0000000000e+00,     0.0000000000e+00,     2.0000000000e+00 ] 
p2: [   -0.0000000000e+00,    -4.2520838241e-31,     5.3686949010e-32,    -0.0000000000e+00,    -0.0000000000e+00,    -0.0000000000e+00 ] 
ps: [    0.0000000000e+00,     3.8030288053e-14,    -1.3239657911e+00,     0.0000000000e+00,     0.0000000000e+00,     2.0000000000e+00 ] 
[ addPolynomial() ]
p1: [    0.0000000000e+00,     3.8030288053e-14,    -1.3239657911e+00,     0.0000000000e+00,     0.0000000000e+00,     2.0000000000e+00 ] 
p2: [    0.0000000000e+00,    -4.8174399815e-30,     1.6771173879e-16,     0.0000000000e+00,     0.0000000000e+00,     0.0000000000e+00 ] 
ps: [    0.0000000000e+00,     3.8030288053e-14,    -1.3239657911e+00,     0.0000000000e+00,     0.0000000000e+00,     2.0000000000e+00 ] 
[ addPolynomial() ]
p1: [    0.0000000000e+00,    -1.1595210399e-01,    -6.4660751934e-03,     2.0000000000e+00,     0.0000000000e+00,     0.0000000000e+00 ] 
p2: [   -0.0000000000e+00,    -1.4960689942e-17,     1.8889415903e-18,    -0.0000000000e+00,    -0.0000000000e+00,    -0.0000000000e+00 ] 
ps: [    0.0000000000e+00,    -1.1595210399e-01,    -6.4660751934e-03,     2.0000000000e+00,     0.0000000000e+00,     0.0000000000e+00 ] 
[ addPolynomial() ]
p1: [    0.0000000000e+00,    -1.1595210399e-01,    -6.4660751934e-03,     2.0000000000e+00,     0.0000000000e+00,     0.0000000000e+00 ] 
p2: [    0.0000000000e+00,    -7.5272499712e-32,     2.6204959186e-18,     0.0000000000e+00,     0.0000000000e+00,     0.0000000000e+00 ] 
ps: [    0.0000000000e+00,    -1.1595210399e-01,    -6.4660751934e-03,     2.0000000000e+00,     0.0000000000e+00,     0.0000000000e+00 ] 
[ addPolynomial() ]
p1: [    0.0000000000e+00,    -1.1595210399e-01,    -6.4660751934e-03,     2.0000000000e+00,     0.0000000000e+00,     0.0000000000e+00 ] 
p2: [   -0.0000000000e+00,     7.5272499712e-32,    -2.6204959186e-18,    -0.0000000000e+00,    -0.0000000000e+00,    -0.0000000000e+00 ] 
ps: [    0.0000000000e+00,    -1.1595210399e-01,    -6.4660751934e-03,     2.0000000000e+00,     0.0000000000e+00,     0.0000000000e+00 ] 
[ addPolynomial() ]
p1: [    0.0000000000e+00,    -7.7776716319e-02,    -4.3372226868e-03,     1.3415317815e+00,     0.0000000000e+00,     0.0000000000e+00 ] 
p2: [   -0.0000000000e+00,    -1.4960689942e-17,     1.8889415903e-18,    -0.0000000000e+00,    -0.0000000000e+00,    -0.0000000000e+00 ] 
ps: [    0.0000000000e+00,    -7.7776716319e-02,    -4.3372226868e-03,     1.3415317815e+00,     0.0000000000e+00,     0.0000000000e+00 ] 
[ addPolynomial() ]
p1: [    0.0000000000e+00,     1.4710474962e-15,    -1.6716435249e-01,     0.0000000000e+00,     1.0000000000e+00,     0.0000000000e+00 ] 
p2: [   -0.0000000000e+00,     1.1996203298e-01,     6.6896890951e-03,    -2.0691652648e+00,    -0.0000000000e+00,    -0.0000000000e+00 ] 
ps: [    0.0000000000e+00,     1.1996203298e-01,    -1.6047466339e-01,    -2.0691652648e+00,     1.0000000000e+00,     0.0000000000e+00 ] 
[ addPolynomial() ]
p1: [    0.0000000000e+00,     1.1996203298e-01,    -1.6047466339e-01,    -2.0691652648e+00,     1.0000000000e+00,     0.0000000000e+00 ] 
p2: [    0.0000000000e+00,    -1.7269900247e-17,    -9.6305689796e-19,     2.9787989442e-16,     0.0000000000e+00,     0.0000000000e+00 ] 
ps: [    0.0000000000e+00,     1.1996203298e-01,    -1.6047466339e-01,    -2.0691652648e+00,     1.0000000000e+00,     0.0000000000e+00 ] 
[ addPolynomial() ]
p1: [    0.0000000000e+00,     3.8030288053e-14,    -1.3239657911e+00,     0.0000000000e+00,     0.0000000000e+00,     2.0000000000e+00 ] 
p2: [   -0.0000000000e+00,    -7.2285425010e-30,     9.1267813318e-31,    -0.0000000000e+00,    -0.0000000000e+00,    -0.0000000000e+00 ] 
ps: [    0.0000000000e+00,     3.8030288053e-14,    -1.3239657911e+00,     0.0000000000e+00,     0.0000000000e+00,     2.0000000000e+00 ] 
[ addPolynomial() ]
p1: [    0.0000000000e+00,     3.8030288053e-14,    -1.3239657911e+00,     0.0000000000e+00,     0.0000000000e+00,     2.0000000000e+00 ] 
p2: [   -0.0000000000e+00,    -4.2520838241e-31,     5.3686949010e-32,    -0.0000000000e+00,    -0.0000000000e+00,    -0.0000000000e+00 ] 
ps: [    0.0000000000e+00,     3.8030288053e-14,    -1.3239657911e+00,     0.0000000000e+00,     0.0000000000e+00,     2.0000000000e+00 ] 
[ addPolynomial() ]
p1: [    0.0000000000e+00,     3.8030288053e-14,    -1.3239657911e+00,     0.0000000000e+00,     0.0000000000e+00,     2.0000000000e+00 ] 
p2: [    0.0000000000e+00,    -4.8174399815e-30,     1.6771173879e-16,     0.0000000000e+00,     0.0000000000e+00,     0.0000000000e+00 ] 
ps: [    0.0000000000e+00,     3.8030288053e-14,    -1.3239657911e+00,     0.0000000000e+00,     0.0000000000e+00,     2.0000000000e+00 ] 
[ addPolynomial() ]
p1: [    0.0000000000e+00,     3.8030288053e-14,    -1.3239657911e+00,     0.0000000000e+00,     0.0000000000e+00,     2.0000000000e+00 ] 
p2: [   -0.0000000000e+00,     2.2439312198e-01,     1.2513294280e-02,    -3.8704450244e+00,    -0.0000000000e+00,    -0.0000000000e+00 ] 
ps: [    0.0000000000e+00,     2.2439312198e-01,    -1.3114524968e+00,    -3.8704450244e+00,     0.0000000000e+00,     2.0000000000e+00 ] 
[ addPolynomial() ]
p1: [    0.0000000000e+00,     2.2439312198e-01,    -1.3114524968e+00,    -3.8704450244e+00,     0.0000000000e+00,     2.0000000000e+00 ] 
p2: [   -0.0000000000e+00,     1.7269900247e-17,     9.6305689796e-19,    -2.9787989442e-16,    -0.0000000000e+00,    -0.0000000000e+00 ] 
ps: [    0.0000000000e+00,     2.2439312198e-01,    -1.3114524968e+00,    -3.8704450244e+00,     0.0000000000e+00,     2.0000000000e+00 ] 
[ addPolynomial() ]
p1: [    0.0000000000e+00,     1.4710474962e-15,    -1.6716435249e-01,     0.0000000000e+00,     1.0000000000e+00,     0.0000000000e+00 ] 
p2: [   -0.0000000000e+00,     1.1996203298e-01,     6.6896890951e-03,    -2.0691652648e+00,    -0.0000000000e+00,    -0.0000000000e+00 ] 
ps: [    0.0000000000e+00,     1.1996203298e-01,    -1.6047466339e-01,    -2.0691652648e+00,     1.0000000000e+00,     0.0000000000e+00 ] 
[ addPolynomial() ]
p1: [    0.0000000000e+00,     1.1996203298e-01,    -1.6047466339e-01,    -2.0691652648e+00,     1.0000000000e+00,     0.0000000000e+00 ] 
p2: [    0.0000000000e+00,    -1.7269900247e-17,    -9.6305689796e-19,     2.9787989442e-16,     0.0000000000e+00,     0.0000000000e+00 ] 
ps: [    0.0000000000e+00,     1.1996203298e-01,    -1.6047466339e-01,    -2.0691652648e+00,     1.0000000000e+00,     0.0000000000e+00 ] 
[ addPolynomial() ]
p1: [   -0.0000000000e+00,    -1.4132568710e-01,     1.8905308206e-01,     2.4376562776e+00,    -1.1780867961e+00,    -0.0000000000e+00 ] 
p2: [    0.0000000000e+00,     5.9842759768e-17,    -7.5557663612e-18,     0.0000000000e+00,     0.0000000000e+00,     0.0000000000e+00 ] 
ps: [    0.0000000000e+00,    -1.4132568710e-01,     1.8905308206e-01,     2.4376562776e+00,    -1.1780867961e+00,     0.0000000000e+00 ] 
[ addPolynomial() ]
p1: [    0.0000000000e+00,    -1.4132568710e-01,     1.8905308206e-01,     2.4376562776e+00,    -1.1780867961e+00,     0.0000000000e+00 ] 
p2: [    0.0000000000e+00,    -6.0217999769e-31,     2.0963967349e-17,     0.0000000000e+00,     0.0000000000e+00,     0.0000000000e+00 ] 
ps: [    0.0000000000e+00,    -1.4132568710e-01,     1.8905308206e-01,     2.4376562776e+00,    -1.1780867961e+00,     0.0000000000e+00 ] 
[ addPolynomial() ]
p1: [    0.0000000000e+00,    -1.4132568710e-01,     1.8905308206e-01,     2.4376562776e+00,    -1.1780867961e+00,     0.0000000000e+00 ] 
p2: [   -0.0000000000e+00,     6.0217999769e-31,    -2.0963967349e-17,    -0.0000000000e+00,    -0.0000000000e+00,    -0.0000000000e+00 ] 
ps: [    0.0000000000e+00,    -1.4132568710e-01,     1.8905308206e-01,     2.4376562776e+00,    -1.1780867961e+00,     0.0000000000e+00 ] 
[ addPolynomial() ]
p1: [    0.0000000000e+00,    -1.4132568710e-01,     1.8905308206e-01,     2.4376562776e+00,    -1.1780867961e+00,     0.0000000000e+00 ] 
p2: [    0.0000000000e+00,    -2.1587375309e-18,    -1.2038211224e-19,     3.7234986802e-17,     0.0000000000e+00,     0.0000000000e+00 ] 
ps: [    0.0000000000e+00,    -1.4132568710e-01,     1.8905308206e-01,     2.4376562776e+00,    -1.1780867961e+00,     0.0000000000e+00 ] 
[ addPolynomial() ]
p1: [    0.0000000000e+00,    -1.4132568710e-01,     1.8905308206e-01,     2.4376562776e+00,    -1.1780867961e+00,     0.0000000000e+00 ] 
p2: [    0.0000000000e+00,    -2.1587375309e-18,    -1.2038211224e-19,     3.7234986802e-17,     0.0000000000e+00,     0.0000000000e+00 ] 
ps: [    0.0000000000e+00,    -1.4132568710e-01,     1.8905308206e-01,     2.4376562776e+00,    -1.1780867961e+00,     0.0000000000e+00 ] 
[ addPolynomial() ]
p1: [    0.0000000000e+00,    -7.7776716319e-02,    -4.3372226868e-03,     1.3415317815e+00,     0.0000000000e+00,     0.0000000000e+00 ] 
p2: [   -0.0000000000e+00,     3.7988901506e-02,    -5.0818213314e-02,    -6.5525161162e-01,     3.1667437239e-01,    -0.0000000000e+00 ] 
ps: [    0.0000000000e+00,    -3.9787814813e-02,    -5.5155436001e-02,     6.8628016988e-01,     3.1667437239e-01,     0.0000000000e+00 ] 
[ addPolynomial() ]
p1: [    0.0000000000e+00,    -3.9787814813e-02,    -5.5155436001e-02,     6.8628016988e-01,     3.1667437239e-01,     0.0000000000e+00 ] 
p2: [   -0.0000000000e+00,     9.8064394866e-19,    -1.3118192786e-18,    -1.6914638284e-17,     8.1746192881e-18,    -0.0000000000e+00 ] 
ps: [    0.0000000000e+00,    -3.9787814813e-02,    -5.5155436001e-02,     6.8628016988e-01,     3.1667437239e-01,     0.0000000000e+00 ] 
[ addPolynomial() ]
p1: [    0.0000000000e+00,     3.8030288053e-14,    -1.3239657911e+00,     0.0000000000e+00,     0.0000000000e+00,     2.0000000000e+00 ] 
p2: [   -0.0000000000e+00,    -7.2285425010e-30,     9.1267813318e-31,    -0.0000000000e+00,    -0.0000000000e+00,    -0.0000000000e+00 ] 
ps: [    0.0000000000e+00,     3.8030288053e-14,    -1.3239657911e+00,     0.0000000000e+00,     0.0000000000e+00,     2.0000000000e+00 ] 
[ addPolynomial() ]
p1: [    0.0000000000e+00,     3.8030288053e-14,    -1.3239657911e+00,     0.0000000000e+00,     0.0000000000e+00,     2.0000000000e+00 ] 
p2: [   -0.0000000000e+00,    -4.2520838241e-31,     5.3686949010e-32,    -0.0000000000e+00,    -0.0000000000e+00,    -0.0000000000e+00 ] 
ps: [    0.0000000000e+00,     3.8030288053e-14,    -1.3239657911e+00,     0.0000000000e+00,     0.0000000000e+00,     2.0000000000e+00 ] 
[ addPolynomial() ]
p1: [    0.0000000000e+00,     3.8030288053e-14,    -1.3239657911e+00,     0.0000000000e+00,     0.0000000000e+00,     2.0000000000e+00 ] 
p2: [    0.0000000000e+00,    -4.8174399815e-30,     1.6771173879e-16,     0.0000000000e+00,     0.0000000000e+00,     0.0000000000e+00 ] 
ps: [    0.0000000000e+00,     3.8030288053e-14,    -1.3239657911e+00,     0.0000000000e+00,     0.0000000000e+00,     2.0000000000e+00 ] 
[ addPolynomial() ]
p1: [    0.0000000000e+00,     3.8030288053e-14,    -1.3239657911e+00,     0.0000000000e+00,     0.0000000000e+00,     2.0000000000e+00 ] 
p2: [   -0.0000000000e+00,     1.1479157781e-01,     1.5912860640e-01,    -1.9799826627e+00,    -9.1363526818e-01,    -0.0000000000e+00 ] 
ps: [    0.0000000000e+00,     1.1479157781e-01,    -1.1648371847e+00,    -1.9799826627e+00,    -9.1363526818e-01,     2.0000000000e+00 ] 
[ addPolynomial() ]
p1: [    0.0000000000e+00,     1.1479157781e-01,    -1.1648371847e+00,    -1.9799826627e+00,    -9.1363526818e-01,     2.0000000000e+00 ] 
p2: [   -0.0000000000e+00,     1.7669339242e-17,     2.4493933993e-17,    -3.0476961838e-16,    -1.4063167182e-16,    -0.0000000000e+00 ] 
ps: [    0.0000000000e+00,     1.1479157781e-01,    -1.1648371847e+00,    -1.9799826627e+00,    -9.1363526818e-01,     2.0000000000e+00 ] 
[ addPolynomial() ]
p1: [    0.0000000000e+00,     1.1479157781e-01,    -1.1648371847e+00,    -1.9799826627e+00,    -9.1363526818e-01,     2.0000000000e+00 ] 
p2: [    0.0000000000e+00,    -6.0997317711e-02,     8.1596850136e-02,     1.0521123052e+00,    -5.0847185725e-01,     0.0000000000e+00 ] 
ps: [    0.0000000000e+00,     5.3794260095e-02,    -1.0832403346e+00,    -9.2787035754e-01,    -1.4221071254e+00,     2.0000000000e+00 ] 
[ addPolynomial() ]
p1: [    0.0000000000e+00,     5.3794260095e-02,    -1.0832403346e+00,    -9.2787035754e-01,    -1.4221071254e+00,     2.0000000000e+00 ] 
p2: [   -0.0000000000e+00,     1.5690303179e-17,    -2.0989108458e-17,    -2.7063421255e-16,     1.3079390861e-16,    -0.0000000000e+00 ] 
ps: [    0.0000000000e+00,     5.3794260095e-02,    -1.0832403346e+00,    -9.2787035754e-01,    -1.4221071254e+00,     2.0000000000e+00 ] 
[ addPolynomial() ]
p1: [    0.0000000000e+00,     3.8030288053e-14,    -1.3239657911e+00,     0.0000000000e+00,     0.0000000000e+00,     2.0000000000e+00 ] 
p2: [   -0.0000000000e+00,    -7.2285425010e-30,     9.1267813318e-31,    -0.0000000000e+00,    -0.0000000000e+00,    -0.0000000000e+00 ] 
ps: [    0.0000000000e+00,     3.8030288053e-14,    -1.3239657911e+00,     0.0000000000e+00,     0.0000000000e+00,     2.0000000000e+00 ] 
[ addPolynomial() ]
p1: [    0.0000000000e+00,     3.8030288053e-14,    -1.3239657911e+00,     0.0000000000e+00,     0.0000000000e+00,     2.0000000000e+00 ] 
p2: [   -0.0000000000e+00,    -4.2520838241e-31,     5.3686949010e-32,    -0.0000000000e+00,    -0.0000000000e+00,    -0.0000000000e+00 ] 
ps: [    0.0000000000e+00,     3.8030288053e-14,    -1.3239657911e+00,     0.0000000000e+00,     0.0000000000e+00,     2.0000000000e+00 ] 
[ addPolynomial() ]
p1: [    0.0000000000e+00,     3.8030288053e-14,    -1.3239657911e+00,     0.0000000000e+00,     0.0000000000e+00,     2.0000000000e+00 ] 
p2: [    0.0000000000e+00,    -4.8174399815e-30,     1.6771173879e-16,     0.0000000000e+00,     0.0000000000e+00,     0.0000000000e+00 ] 
ps: [    0.0000000000e+00,     3.8030288053e-14,    -1.3239657911e+00,     0.0000000000e+00,     0.0000000000e+00,     2.0000000000e+00 ] 
[ addPolynomial() ]
p1: [    0.0000000000e+00,     3.8030288053e-14,    -1.3239657911e+00,     0.0000000000e+00,     0.0000000000e+00,     2.0000000000e+00 ] 
p2: [   -0.0000000000e+00,     1.1479157781e-01,     1.5912860640e-01,    -1.9799826627e+00,    -9.1363526818e-01,    -0.0000000000e+00 ] 
ps: [    0.0000000000e+00,     1.1479157781e-01,    -1.1648371847e+00,    -1.9799826627e+00,    -9.1363526818e-01,     2.0000000000e+00 ] 
[ addPolynomial() ]
p1: [    0.0000000000e+00,     1.1479157781e-01,    -1.1648371847e+00,    -1.9799826627e+00,    -9.1363526818e-01,     2.0000000000e+00 ] 
p2: [   -0.0000000000e+00,     1.7669339242e-17,     2.4493933993e-17,    -3.0476961838e-16,    -1.4063167182e-16,    -0.0000000000e+00 ] 
ps: [    0.0000000000e+00,     1.1479157781e-01,    -1.1648371847e+00,    -1.9799826627e+00,    -9.1363526818e-01,     2.0000000000e+00 ] 
[ addPolynomial() ]
p1: [    0.0000000000e+00,     1.1479157781e-01,    -1.1648371847e+00,    -1.9799826627e+00,    -9.1363526818e-01,     2.0000000000e+00 ] 
p2: [    0.0000000000e+00,    -6.0997317711e-02,     8.1596850136e-02,     1.0521123052e+00,    -5.0847185725e-01,     0.0000000000e+00 ] 
ps: [    0.0000000000e+00,     5.3794260095e-02,    -1.0832403346e+00,    -9.2787035754e-01,    -1.4221071254e+00,     2.0000000000e+00 ] 
[ addPolynomial() ]
p1: [    0.0000000000e+00,     5.3794260095e-02,    -1.0832403346e+00,    -9.2787035754e-01,    -1.4221071254e+00,     2.0000000000e+00 ] 
p2: [   -0.0000000000e+00,     1.5690303179e-17,    -2.0989108458e-17,    -2.7063421255e-16,     1.3079390861e-16,    -0.0000000000e+00 ] 
ps: [    0.0000000000e+00,     5.3794260095e-02,    -1.0832403346e+00,    -9.2787035754e-01,    -1.4221071254e+00,     2.0000000000e+00 ] 
[ addPolynomial() ]
p1: [    0.0000000000e+00,     4.0738912959e-02,    -8.2034837222e-01,    -7.0268518735e-01,    -1.0769754673e+00,     1.5146193251e+00 ] 
p2: [   -0.0000000000e+00,    -5.9842759768e-17,     7.5557663612e-18,    -0.0000000000e+00,    -0.0000000000e+00,    -0.0000000000e+00 ] 
ps: [    0.0000000000e+00,     4.0738912959e-02,    -8.2034837222e-01,    -7.0268518735e-01,    -1.0769754673e+00,     1.5146193251e+00 ] 
[ addPolynomial() ]
p1: [    0.0000000000e+00,     4.0738912959e-02,    -8.2034837222e-01,    -7.0268518735e-01,    -1.0769754673e+00,     1.5146193251e+00 ] 
p2: [   -0.0000000000e+00,     8.8346696210e-18,     1.2246966996e-17,    -1.5238480919e-16,    -7.0315835908e-17,    -0.0000000000e+00 ] 
ps: [    0.0000000000e+00,     4.0738912959e-02,    -8.2034837222e-01,    -7.0268518735e-01,    -1.0769754673e+00,     1.5146193251e+00 ] 
[ addPolynomial() ]
p1: [    0.0000000000e+00,     4.0738912959e-02,    -8.2034837222e-01,    -7.0268518735e-01,    -1.0769754673e+00,     1.5146193251e+00 ] 
p2: [   -0.0000000000e+00,     8.8346696210e-18,     1.2246966996e-17,    -1.5238480919e-16,    -7.0315835908e-17,    -0.0000000000e+00 ] 
ps: [    0.0000000000e+00,     4.0738912959e-02,    -8.2034837222e-01,    -7.0268518735e-01,    -1.0769754673e+00,     1.5146193251e+00 ] 
[ addPolynomial() ]
p1: [    0.0000000000e+00,    -3.9787814813e-02,    -5.5155436001e-02,     6.8628016988e-01,     3.1667437239e-01,     0.0000000000e+00 ] 
p2: [   -0.0000000000e+00,    -7.2705613163e-04,     1.4640530902e-02,     1.2540628528e-02,     1.9220483813e-02,    -2.7030992911e-02 ] 
ps: [    0.0000000000e+00,    -4.0514870945e-02,    -4.0514905099e-02,     6.9882079841e-01,     3.3589485620e-01,    -2.7030992911e-02 ] 
[ addPolynomial() ]
p1: [    0.0000000000e+00,    -4.0514870945e-02,    -4.0514905099e-02,     6.9882079841e-01,     3.3589485620e-01,    -2.7030992911e-02 ] 
p2: [    0.0000000000e+00,     8.4804898435e-19,    -1.7076930957e-17,    -1.4627573889e-17,    -2.2419055513e-17,     3.1529348405e-17 ] 
ps: [    0.0000000000e+00,    -4.0514870945e-02,    -4.0514905099e-02,     6.9882079841e-01,     3.3589485620e-01,    -2.7030992911e-02 ] 
[ addPolynomial() ]
p1: [    0.0000000000e+00,    -1.4132568710e-01,     1.8905308206e-01,     2.4376562776e+00,    -1.1780867961e+00,     0.0000000000e+00 ] 
p2: [   -0.0000000000e+00,    -2.5108339341e-02,     5.0559977700e-01,     4.3308122019e-01,     6.6376502291e-01,    -9.3349510883e-01 ] 
ps: [    0.0000000000e+00,    -1.6643402644e-01,     6.9465285905e-01,     2.8707374977e+00,    -5.1432177324e-01,    -9.3349510883e-01 ] 
[ addPolynomial() ]
p1: [    0.0000000000e+00,    -1.6643402644e-01,     6.9465285905e-01,     2.8707374977e+00,    -5.1432177324e-01,    -9.3349510883e-01 ] 
p2: [    0.0000000000e+00,     2.2614639583e-18,    -4.5538482553e-17,    -3.9006863703e-17,    -5.9784148036e-17,     8.4078262413e-17 ] 
ps: [    0.0000000000e+00,    -1.6643402644e-01,     6.9465285905e-01,     2.8707374977e+00,    -5.1432177324e-01,    -9.3349510883e-01 ] 
[ addPolynomial() ]
p1: [    1.7657293946e-18,     0.0000000000e+00,     0.0000000000e+00,     0.0000000000e+00,     0.0000000000e+00,     0.0000000000e+00 ] 
p2: [    0.0000000000e+00,     1.1595210665e-01,    -1.4640150794e-02,     0.0000000000e+00,     0.0000000000e+00,     0.0000000000e+00 ] 
ps: [    1.7657293946e-18,     1.1595210665e-01,    -1.4640150794e-02,     0.0000000000e+00,     0.0000000000e+00,     0.0000000000e+00 ] 
[ addPolynomial() ]
p1: [    1.7657293946e-18,     1.1595210665e-01,    -1.4640150794e-02,     0.0000000000e+00,     0.0000000000e+00,     0.0000000000e+00 ] 
p2: [    0.0000000000e+00,    -6.0626630947e-16,     2.1106225987e-02,     0.0000000000e+00,     0.0000000000e+00,     0.0000000000e+00 ] 
ps: [    1.7657293946e-18,     1.1595210665e-01,     6.4660751934e-03,     0.0000000000e+00,     0.0000000000e+00,     0.0000000000e+00 ] 
[ addPolynomial() ]
p1: [    1.7657293946e-18,     1.1595210665e-01,     6.4660751934e-03,     0.0000000000e+00,     0.0000000000e+00,     0.0000000000e+00 ] 
p2: [    0.0000000000e+00,    -6.0400911113e-02,    -6.0400962031e-02,     1.0418251853e+00,     5.0076317361e-01,    -4.0298699268e-02 ] 
ps: [    1.7657293946e-18,     5.5551195538e-02,    -5.3934886838e-02,     1.0418251853e+00,     5.0076317361e-01,    -4.0298699268e-02 ] 
[ addPolynomial() ]
p1: [    1.7657293946e-18,     5.5551195538e-02,    -5.3934886838e-02,     1.0418251853e+00,     5.0076317361e-01,    -4.0298699268e-02 ] 
p2: [    0.0000000000e+00,    -6.6697073693e-02,     2.7837644695e-01,     1.1504245528e+00,    -2.0611024047e-01,    -3.7409052342e-01 ] 
ps: [    1.7657293946e-18,    -1.1145878155e-02,     2.2444156011e-01,     2.1922497381e+00,     2.9465293315e-01,    -4.1438922269e-01 ] 
[ addPolynomial() ]
p1: [    1.7657293946e-18,    -1.1145878155e-02,     2.2444156011e-01,     2.1922497381e+00,     2.9465293315e-01,    -4.1438922269e-01 ] 
p2: [    0.0000000000e+00,     1.1145880813e-02,    -2.2444156011e-01,    -1.9224973811e-01,    -2.9465293315e-01,     4.1438922269e-01 ] 
ps: [    1.7657293946e-18,     2.6576150048e-09,    -5.5511151231e-17,     2.0000000000e+00,     1.1102230246e-16,     5.5511151231e-17 ] 
